file: sample5:.pdf
title: 1.1
authors: 1.2
affiliations: 1.3
abstract: 1.4-5
p1: 14 15 13
p2: 4 7 
p3: 2 5 7 8 4 6 22
p4: 176 178 183
p5: 12 19 30 48 10 38 27 51
p6: 2-4 7 
p7: 3 2 105 106
p8: 2 10 16 5-8
p9: 21 25 29 2 10 14 15 20 23
p10: 5 13 3
p11: 5 4 7 8
p12: 4 3 6 7 
p13: 3 2
p14: 3-5 2
p15: -
p16: 3 4 2
p17: 3-6 2
p18: 4-6 3
p19: 5 2 3
p20: 3 8 10 12 2 5 4
p21: -
acknowledgment: 20.6-7
summary: 2.2-3
tables: 4.2, 7.4
figures: 2.6, 3.3, 6.6, 9.16, 10.4, 10.2, 11.3, 11.2, 12.2, 13.4, 14.6, 15.2, 15.3, 16.5, 18.2, 19.4
references: 20.15 20.14 21.2 21.4

file: sample5:.pdf
title: 1.1
abstract: 1.4-5
summary: 2.2-3
p1: 14 15 13
p2: 4 7 
p3: 2 5 7 8 4 6 22
p4: 176 178 183
p5: 12 19 30 48 10 38 27 51
p6: 2-4 7 
p7: 3 2 105 106
p8: 2 10 16 5-8
p9: 21 25 29 2 10 14 15 20 23
p10: 5 13 3
p11: 5 4 7 8
p12: 4 3 6 7 
p13: 3 2
p14: 3-5 2
p16: 3 4 2
p17: 3-6 2
p18: 4-6 3
p19: 5 2 3
p20: 3 8 10 12 2 5 4
tables: 4.2, 7.4
figures: 2.6, 3.3, 6.6, 9.16, 10.4, 10.2, 11.3, 11.2, 12.2, 13.4, 14.6, 15.2, 15.3, 16.5, 18.2, 19.4
